% Tensors between penultimate and final classification layer 
lin_layer_weights = [-4.711529016494750977e-01,3.050654828548431396e-01,5.019243955612182617e-01,-4.378385841846466064e-01,1.891371160745620728e-01,-4.092675149440765381e-01,-4.066130816936492920e-01,5.696249008178710938e-01,-3.422763943672180176e-01,3.212172687053680420e-01,3.730148673057556152e-01,-3.288268744945526123e-01,1.669383235275745392e-02,-2.432279586791992188e-01,-6.584408879280090332e-01,6.272324919700622559e-01,-5.636228322982788086e-01,5.099465847015380859e-01,-3.279041051864624023e-01,3.840125501155853271e-01,-1.837911754846572876e-01,-3.196930885314941406e-01,4.591503143310546875e-01,5.847629904747009277e-01,-3.412526249885559082e-01,2.469747960567474365e-01,-4.095939099788665771e-01,3.816392123699188232e-01,5.608196258544921875e-01,-3.743993341922760010e-01,4.792118668556213379e-01,2.608419060707092285e-01,-3.629578948020935059e-01,2.281691282987594604e-01,4.345799088478088379e-01,-3.176842033863067627e-01,3.847000598907470703e-01,4.885936379432678223e-01,3.327007293701171875e-01,-1.910682469606399536e-01,-5.608266592025756836e-01,-8.436723798513412476e-02,-3.007477819919586182e-01,5.066449046134948730e-01,6.248080134391784668e-01,4.187138080596923828e-01,5.147590637207031250e-01,4.067073464393615723e-01,-3.977375626564025879e-01,3.234114050865173340e-01,4.373716711997985840e-01,5.768528580665588379e-01,2.909658849239349365e-01,3.102287948131561279e-01,-4.604486823081970215e-01,4.210051894187927246e-01,-3.145660758018493652e-01,5.788236260414123535e-01,4.674197435379028320e-01,6.299098134040832520e-01,4.217118024826049805e-01,3.258413970470428467e-01,-5.435512661933898926e-01,-4.127565920352935791e-01,2.287834584712982178e-01,3.505352735519409180e-01,-3.766027688980102539e-01,3.619090020656585693e-01,7.390287518501281738e-02,-4.018331170082092285e-01,-3.582866191864013672e-01,3.410536050796508789e-01,-3.671694397926330566e-01,3.739268481731414795e-01,3.974575698375701904e-01,-3.187491595745086670e-01,-3.560740053653717041e-01,4.318221509456634521e-01,4.740905463695526123e-01,3.524661958217620850e-01,5.463887453079223633e-01,4.253744184970855713e-01,5.474793314933776855e-01,5.756176710128784180e-01,4.528739750385284424e-01,4.683693945407867432e-01,4.068739414215087891e-01,3.812800049781799316e-01,3.474422991275787354e-01,-2.735114991664886475e-01,4.624367952346801758e-01,5.614526271820068359e-01,3.864845931529998779e-01,-5.746428370475769043e-01,-4.320734441280364990e-01,5.105001926422119141e-01,6.066188216209411621e-01,4.807919561862945557e-01,5.054110288619995117e-01,-2.787311375141143799e-01,4.454841613769531250e-01,3.364014625549316406e-01,-3.674936294555664062e-01,5.404413342475891113e-01,-3.815580904483795166e-01,-4.554197192192077637e-01,2.404888272285461426e-01,5.128948688507080078e-01,5.281650424003601074e-01,2.528302371501922607e-01,3.008757531642913818e-01,-2.076264768838882446e-01,-4.264051616191864014e-01,4.728778302669525146e-01,-2.723181843757629395e-01,4.459614455699920654e-01,-3.516214489936828613e-01,4.921120405197143555e-01,-3.262360692024230957e-01,-2.914948463439941406e-01,-5.043994188308715820e-01,-1.740446984767913818e-01,-6.858397275209426880e-02,-2.889631688594818115e-01,4.796559512615203857e-01,-3.643519282341003418e-01,3.345921635627746582e-01,5.005303621292114258e-01,-2.932999134063720703e-01,-1.081596761941909790e-01,-4.618699252605438232e-01,-4.189568459987640381e-01,-4.608100950717926025e-01,-4.790855944156646729e-01,-3.355402648448944092e-01,3.439425230026245117e-01,5.000835657119750977e-01,-3.208294212818145752e-01,4.439438581466674805e-01,4.673976898193359375e-01,-4.458767771720886230e-01,3.189265131950378418e-01,5.045515298843383789e-01,5.033395886421203613e-01,-5.078157782554626465e-01,-3.318848907947540283e-01,-4.218400418758392334e-01,4.705809950828552246e-01,-3.918789625167846680e-01,6.190090179443359375e-01,6.015311479568481445e-01,-3.451356589794158936e-01,4.805516600608825684e-01,-5.118581652641296387e-01,5.572022795677185059e-01,3.441751599311828613e-01,6.360092759132385254e-01,5.859466195106506348e-01,2.220183759927749634e-01,5.107823014259338379e-01,-4.118368029594421387e-01,-4.082167148590087891e-01,-3.113414347171783447e-01,-7.143982499837875366e-02,-4.080089628696441650e-01,-5.513228178024291992e-01,4.314308464527130127e-01,-3.113408386707305908e-01,-5.431394577026367188e-01,4.583941698074340820e-01,-4.237540364265441895e-01,5.272446870803833008e-01,2.956057190895080566e-01,2.317344695329666138e-01,4.363012313842773438e-01,-1.246388405561447144e-01,1.999793201684951782e-01,4.430860280990600586e-01,-3.845657706260681152e-01,-4.388605654239654541e-01,-6.142551824450492859e-02,-1.200142968446016312e-02,-2.335607111454010010e-01,-4.145394265651702881e-01,-2.500076591968536377e-01,2.666283845901489258e-01,-4.540327489376068115e-01,3.338644504547119141e-01,1.896614432334899902e-01,-5.223894119262695312e-01,-4.422045648097991943e-01,4.110376238822937012e-01,4.800226092338562012e-01,4.857484102249145508e-01,5.719972252845764160e-01,-3.948284089565277100e-01,-5.182288289070129395e-01,-5.736852288246154785e-01,3.395157456398010254e-01,-4.698045551776885986e-01,4.234514236450195312e-01,-4.319230914115905762e-01,-6.604219675064086914e-01,3.594180047512054443e-01,5.949371457099914551e-01,4.489460587501525879e-01,4.059498012065887451e-01,4.212252199649810791e-01,5.350350737571716309e-01,-3.647076189517974854e-01,2.850447893142700195e-01,-4.093080759048461914e-01,-3.956099748611450195e-01,-4.229781627655029297e-01,3.918319046497344971e-01,-3.850512504577636719e-01,-7.944694161415100098e-02,-1.326548606157302856e-01,2.849167883396148682e-01,3.451575934886932373e-01,-4.336765408515930176e-01,3.184947073459625244e-01,-6.309291720390319824e-01,4.707051813602447510e-01,3.353095054626464844e-01,-4.647704660892486572e-01,3.919209837913513184e-01,4.484441280364990234e-01,-3.673956096172332764e-01,-6.428787708282470703e-01,5.746681690216064453e-01,5.146018266677856445e-01,-1.118054464459419250e-01,-3.915489315986633301e-01,-4.094006121158599854e-01,3.741913437843322754e-01,-2.188482582569122314e-01,4.230279922485351562e-01,4.613667726516723633e-01,3.623589575290679932e-01,-4.619982242584228516e-01,2.756468355655670166e-01,5.602763295173645020e-01,6.425378322601318359e-01,5.832896828651428223e-01,-5.426389575004577637e-01,3.532857596874237061e-01,4.626021981239318848e-01,-2.830625474452972412e-01,-1.452983766794204712e-01,4.107232391834259033e-01,-4.680931866168975830e-01,3.477090299129486084e-01,3.404417932033538818e-01,3.264786005020141602e-01,-5.520398020744323730e-01; 2.142194658517837524e-01,-4.979617595672607422e-01,-4.316875338554382324e-01,4.127868711948394775e-01,-3.463024646043777466e-02,4.016147851943969727e-01,4.237444102764129639e-01,-3.652746975421905518e-01,3.242172598838806152e-01,-5.659826397895812988e-01,-3.079420328140258789e-01,2.498895823955535889e-01,-3.229522332549095154e-02,3.295240998268127441e-01,5.953817963600158691e-01,-3.807614445686340332e-01,6.548095941543579102e-01,-3.886102735996246338e-01,3.334964513778686523e-01,-4.809278845787048340e-01,1.992663592100143433e-01,3.169186115264892578e-01,-5.283861160278320312e-01,-6.021654009819030762e-01,4.263581037521362305e-01,-3.894161581993103027e-01,4.284492135047912598e-01,-5.018975734710693359e-01,-3.750907778739929199e-01,3.820962011814117432e-01,-5.595376491546630859e-01,-1.815410256385803223e-01,4.618121385574340820e-01,-3.384758830070495605e-01,-2.618180811405181885e-01,2.390774786472320557e-01,-3.561266064643859863e-01,-4.751400649547576904e-01,-2.500320971012115479e-01,4.672848582267761230e-01,3.173376321792602539e-01,1.479538232088088989e-01,2.604653537273406982e-01,-5.402243137359619141e-01,-5.456507205963134766e-01,-3.457410931587219238e-01,-4.010535776615142822e-01,-2.998933792114257812e-01,4.843987822532653809e-01,-2.820237278938293457e-01,-4.973181486129760742e-01,-4.648824334144592285e-01,-4.677130877971649170e-01,-3.494516313076019287e-01,